0.4868
0.4459
0.33
0.2425
0.09869
0.08395
0.19
0.4273
0.5938
0.3517
0.3657
0.2899
0.2114
0.3035
0.1585
0.06459
0.2423
0.1947
0.206
0.2035
0.1784
0.04639
0.2229
0.09573
0.08447
0.1989
0.1116
0.3157
0.2191
0.5346
0.6174
0.4488
0.3035
0.5616
0.8383
0.6906
0.8544
0.8731
0.8947
0.7565
0.8019
0.7064
0.7915
0.8953
0.8936
0.7867
0.6449
0.8679
0.4544
0.211
0.3297
0.4772
0.7537
0.8826
0.7624
0.5602
0.8032
0.6856
0.4827
0.306
0.7005
0.5884
0.134
0.2307
0.1746
0.1338
0.0437
0.1578
0.08006
0.2113
0.07349
0.1934
0.1429
0.4604
0.1994
0.2876
0.3736
0.4427
0.3457
0.5751
0.4008
0.7084
0.7721
0.8503
0.5408
0.6653
0.05628
0.707
0.245
0.8326
0.3936
0.3456
0.734
0.7335
0.5684
0.725
0.1072
0.6578
0.2649
0.2733
0.8734
0.5324
0.5935
0.2712
0.4183
0.3971
0.2413
0.3056
0.3535
0.4365
0.4777
0.545
0.531
0.6123
0.574
0.7048
0.5368
0.5507
0.481
0.3386
0.4019
0.4573
0.4395
0.2641
0.3893
0.1306
0.3252
0.5626
0.4642
0.5206
0.484
0.2123
0.6792
0.541
0.6377
0.6288
0.4603
0.5146
0.4464
0.7772
0.334
0.5665
0.3354
0.3898
0.3369
0.3577
0.1934
0.4115
0.1479
0.08156
0.0598
0.2398
0.4011
0.268
0.2287
0.3298
0.3795
0.457
0.3113
0.5925
0.7061
0.8907
0.8456
0.6618
0.679
0.7304
0.6086
0.4133
0.2096
0.3035
0.7424
0.4725
0.4828
0.3175
0.2365
0.3387
0.3183
0.4046
0.3049
0.2618
0.4215
0.1212
0.1639
0.4133
0.2428
0.1147
0.3474
0.1574
0.1846
0.4878
0.2056
0.09955
0.1304
0.3662
0.3113
0.4068
0.4036
0.2433
0.1095
0.05367
0.03541
0.2126
0.3482
0.3092
0.5381
0.4104
0.5796
0.3208
0.4488
0.04672
0.143
0.6211
0.4611
0.6835
0.3556
0.2465
0.3708
0.4662
0.6455
0.5104
0.5545
0.4016
0.298
0.3147
0.09762
0.1822
0.3359
0.5019
0.5893
0.5759
0.533
0.05336
0.4417
0.6248
0.3629
0.2076
0.7255
0.3517
0.5654
0.3373
0.4937
0.8673
0.6357
0.6195
0.6618
0.5443
0.6191
0.8105
0.8116
0.8312
0.8764
0.8423
0.891
0.64
0.6514
0.653
0.7766
0.5482
0.3956
0.7482
0.2815
0.3511
0.274
0.1491
0.08423
0.06856
0.2677
0.339
0.527
0.5891
0.5633
0.3478
0.5356
0.7267
0.3321
0.09205
0.613
0.6109
0.3548
0.3263
0.3584
0.2662
0.1791
0.2738
0.06486
0.1818
0.2734
0.327
0.09375
0.5426
0.4788
0.4107
0.5049
0.3264
0.1568
0.4783
0.3785
0.5114
0.6333
0.3951
0.6034
0.8043
0.8185
0.5994
0.7675
0.06316
0.8806
0.8777
0.881
0.9141
0.7349
0.819
0.8498
0.9
0.8794
0.3587
0.7558
0.7719
0.6313
0.8022
0.5946
0.6742
0.3921
0.3307
0.1511
0.339
0.2265
0.289
0.1163
0.2976
0.3875
0.3483
0.2754
0.4304
0.3426
0.4777
0.572
0.583
0.2137
0.6285
0.4655
0.7127
0.5408
0.3161
0.2503
0.2349
0.2584
0.4726
0.1969
0.1159
0.3608
0.7497
0.7849
0.8668
0.7325
0.7617
0.6191
0.4914
0.4682
0.171
0.2168
0.2278
0.1611
0.4897
0.4528
0.6157
0.6344
0.5586
0.7249
0.4383
0.7822
0.8724
0.6402
0.5235
0.7042
0.3354
0.1707
0.363
0.2205
0.7265
0.2385
0.4636
0.2459
0.3781
0.3593
0.506
0.5253
0.569
0.262
0.1562
0.08206
0.2267
0.3336
0.1802
0.03089
0.1787
0.1539
0.2906
0.194
0.08645
0.3392
0.4152
0.5595
0.5141
0.5634
0.4543
0.3138
0.3208
0.3009
0.4965
0.3899
0.1752
0.2994
0.1468
0.3006
0.1382
