0.05742
0.1171
0.1737
0.1657
0.2442
0.3855
0.8355
0.6588
0.6021
0.7519
0.9571
0.9144
0.9396
0.8658
0.9187
0.8907
0.8888
0.9299
0.8383
0.7399
0.7014
0.8344
0.6266
0.5815
0.462
0.4145
0.2861
0.1868
0.3782
0.3868
0.3603
0.8863
0.4916
0.791
0.8011
0.5946
0.8665
0.9225
0.8747
0.8838
0.8791
0.8873
0.8681
0.6717
0.7855
0.5549
0.3384
0.298
0.6718
0.5975
0.8023
0.7684
0.8424
0.6891
0.5427
0.7562
0.6476
0.4391
0.5441
0.7781
0.6643
0.3825
0.08259
0.1892
0.1619
0.2477
0.3517
0.3464
0.04145
0.1778
0.7237
0.5517
0.6761
0.5349
0.7681
0.7979
0.8031
0.7959
0.6914
0.6476
0.5096
0.4353
0.4616
0.3129
0.2376
0.6545
0.2642
0.09604
0.4772
0.1296
0.6288
0.334
0.5688
0.5389
0.3274
0.1679
0.439
0.3006
0.1907
0.143
0.1759
0.2359
0.1239
0.4923
0.7218
0.6568
0.7649
0.7075
0.4564
0.218
0.6473
0.4481
0.3667
0.3557
0.4294
0.5653
0.6943
0.6869
0.5325
0.5229
0.6986
0.3188
0.299
0.576
0.4506
0.8812
0.8274
0.9444
0.9283
0.613
0.8927
0.125
0.8335
0.8229
0.447
0.1469
0.7762
0.5218
0.3484
0.4266
0.5151
0.2356
0.4244
0.3987
0.312
0.3949
0.4164
0.412
0.1757
0.1306
0.4247
0.2013
0.1005
0.4025
0.134
0.08871
0.3637
0.2873
0.1084
0.3163
0.4315
0.2551
0.2367
0.4343
0.3456
0.1277
0.5132
0.3506
0.3052
0.3604
0.4212
0.5741
0.3592
0.2448
0.5441
0.6413
0.4211
0.6192
0.4983
0.3691
0.4855
0.2388
0.4273
0.1233
0.3336
0.5198
0.3026
0.06865
0.456
0.7785
0.231
0.3316
0.6252
0.3011
0.1518
0.5847
0.7713
0.1394
0.308
0.492
0.1912
0.1362
0.1451
0.1879
0.2477
0.05609
0.1582
0.2037
0.07361
0.05083
0.06695
0.2875
0.04776
0.05488
0.05959
0.07617
0.2945
0.09271
0.3974
0.388
0.7083
0.7355
0.9355
0.959
0.651
0.5246
0.8414
0.8983
0.3286
0.6732
0.4492
0.7027
0.8231
0.8882
0.837
0.8437
0.9414
0.9176
0.9701
0.8977
0.8936
0.6885
0.5972
0.5688
0.4371
0.2889
0.5334
0.3993
0.1852
0.4971
0.4802
0.2303
0.1389
0.1954
0.105
0.1637
0.1176
0.1173
0.2281
0.0876
0.1744
0.2201
0.5213
0.1721
0.7777
0.7731
0.9476
0.703
0.72
0.8001
0.9328
0.947
0.9136
0.8659
0.8258
0.7996
0.8674
0.9094
0.8447
0.6425
0.7676
0.5815
0.7337
0.5021
0.3635
0.5557
0.5105
0.5344
0.568
0.7773
0.75
0.7052
0.6559
0.8752
0.8654
0.9335
0.7825
0.8075
0.7587
0.893
0.9253
0.8918
0.8553
0.8788
0.9162
0.8631
0.8032
0.263
0.6335
0.8208
0.7237
0.4786
0.6963
0.8836
0.6906
0.5009
0.8731
0.5928
0.3544
0.4521
0.4839
0.3792
0.1813
0.4047
0.1861
0.167
0.4703
0.5553
0.8333
0.8017
0.9638
0.7661
0.436
0.8188
0.5775
0.4177
0.2461
0.6181
0.3657
0.4031
0.4766
0.4045
0.4242
0.07297
0.3469
0.5062
0.7391
0.2275
0.7351
0.2785
0.1701
0.04044
0.4658
0.199
0.6735
0.4344
0.8107
0.903
0.867
0.8923
0.8854
0.6675
0.6266
0.5371
0.8819
0.701
0.31
0.7887
0.4544
0.2803
0.0774
0.3343
0.1949
0.2038
0.2797
0.3437
0.2277
0.3253
0.1016
0.1473
0.2756
0.2957
0.8496
0.4366
0.2027
0.5316
0.4606
0.68
0.1798
0.07336
0.5295
0.2155
0.1652
0.2223
0.4025
0.5378
0.09525
0.5565
0.6862
0.2274
0.19
0.5106
0.1229
0.05844
0.1787
0.3254
0.03693
0.2817
0.362
0.7068
0.3368
0.7314
0.7229
0.8291
0.6597
0.8073
0.8846
0.6001
0.8309
0.4377
0.2658
0.7402
0.6155
0.7861
0.67
0.3965
0.6314
0.2965
0.3674
0.2086
0.04702
